93.0 242.0 -14.7612
100.0 242.0 -14.7856
107.0 242.0 -14.7269
114.0 242.0 -14.72
121.0 242.0 -14.7837
128.0 242.0 -14.8519
93.0 250.6 -14.6456
100.0 250.6 -14.645
107.0 250.6 -14.6325
114.0 250.6 -14.6644
121.0 250.6 -14.6906
128.0 250.6 -14.765
93.0 259.2 -14.5656
100.0 259.2 -14.5444
107.0 259.2 -14.5437
114.0 259.2 -14.5187
121.0 259.2 -14.6025
128.0 259.2 -14.65
93.0 267.8 -14.4594
100.0 267.8 -14.4319
107.0 267.8 -14.4513
114.0 267.8 -14.4625
121.0 267.8 -14.4981
128.0 267.8 -14.56
93.0 276.4 -14.3519
100.0 276.4 -14.3369
107.0 276.4 -14.34
114.0 276.4 -14.3756
121.0 276.4 -14.4006
128.0 276.4 -14.4537
93.0 285.0 -14.2175
100.0 285.0 -14.2181
107.0 285.0 -14.2638
114.0 285.0 -14.2531
121.0 285.0 -14.305
128.0 285.0 -14.3606
